+----------+-----------+---------+---------+------+-----------+-----------------+--------+----------+
| c_sec_id | course_id | term_id | sec_num | f_id | c_sec_day |  c_sec_duration | loc_id | max_enrl |
+----------+-----------+---------+---------+------+-----------+ ----------------+--------+----------+
|        1 |         1 |       4 |       1 |    3 | MWF       |  1800           |      1 |      140 |
|        2 |         1 |       4 |       2 |    3 | TR        |  0 00:01:15.00  |      7 |       35 |
|        3 |         1 |       4 |       3 |    3 | MWF       |  0 00:00:50.00  |      2 |       35 |
|        4 |         2 |       4 |       1 |    4 | TR        |  0 00:01:15.00  |      6 |       35 |
|        5 |         2 |       5 |       2 |    4 | TR        |  0 00:01:15.00  |      6 |       35 |
|        6 |         3 |       5 |       1 |    1 | MWF       |  0 00:00:50.00  |      5 |       30 |
|        7 |         3 |       5 |       2 |    1 | MWF       |  0 00:00:50.00  |      5 |       30 |
|        8 |         4 |       5 |       1 |    5 | TR        |  0 00:01:15.00  |      3 |       35 |
|        9 |         5 |       5 |       1 |    2 | MWF       |  0 00:00:50.00  |      5 |       35 |
|       10 |         5 |       5 |       2 |    2 | MWF       |  0 00:00:50.00  |      5 |       35 |
|       11 |         1 |       6 |       1 |    1 | MTWRF     |  0 00:01:30.00  |      1 |       50 |
|       12 |         2 |       6 |       1 |    2 | MTWRF     |  0 00:01:30.00  |      6 |       35 |
|       13 |         3 |       6 |       1 |    3 | MTWRF     |  0 00:01:30.00  |      5 |       35 |
+----------+-----------+---------+---------+------+-----------+----------------+--------+----------+
